10000
26 11
18513 31193 57812 28825 89591 36834 79353 55793 38644 21296 33647 
37 15
87774 75287 48474 72497 72136 51214 35308 45921 5214 23993 49544 56840 84584 47505 27304 
54 16
67037 84312 25896 13920 66803 72890 42403 52778 1443 50638 97254 81349 16396 49211 24468 30585 
134 17
64887 41101 74298 88870 95907 9886 19313 16075 28793 67647 61847 24980 47729 47633 45846 403 5737 
169 16
24116 11989 89528 16510 69006 82712 83015 79875 6516 88125 64322 80122 98095 41858 25353 34351 
184 19
33542 80850 64993 69535 30330 41179 66491 29786 33259 31799 56326 71043 34924 21874 87278 98043 33146 19888 40236 
192 19
76387 50754 19879 92427 12389 13411 90510 31362 8270 98221 96130 35813 3792 43949 53954 62194 842 82040 75505 
195 16
20739 36881 78402 78174 27035 69838 14697 40808 60511 12114 78693 53204 78761 73457 43280 17296 
209 17
60658 75416 38726 54832 89752 19526 36786 9672 47957 52117 81360 91281 21104 19323 82894 38465 61380 
250 17
74501 65291 23274 37031 53808 60049 84453 62352 59444 87256 37274 85818 90675 84442 2446 91887 87909 
272 10
49937 98302 45769 84573 47999 28170 22150 59579 2029 11580 
317 10
87192 14071 82751 5507 50601 91989 35908 75006 47106 62775 
349 20
83215 64201 17897 92378 45706 49971 10212 55168 56492 71808 20469 87536 18167 97265 93253 39545 59352 73350 99807 34171 
356 18
16503 5334 2436 14059 85308 45692 12934 67647 95896 11283 81485 75284 16254 21350 41262 25551 82254 50100 
357 16
61351 92139 33060 10222 25803 56416 19929 80180 65813 93205 68392 44175 9152 13082 41663 29489 
393 17
10129 16194 67874 67507 87466 88369 15495 72806 97213 50314 61866 92605 49631 60639 4324 58620 5216 
414 20
58203 57632 134 4391 35170 30257 13209 3857 11876 12491 43849 47195 82540 55000 67594 72431 98692 78367 75477 61099 
512 10
21975 2181 3636 58080 68365 91753 34893 83760 35706 96103 
524 12
31794 42128 74290 12328 22964 71089 55595 39761 58865 78394 55394 98053 
581 13
70680 13025 50489 72047 91049 76847 59569 82843 32404 9749 9938 65249 36979 
612 15
20125 48100 59614 49608 45460 55449 20331 71701 89095 33025 94121 68655 2593 75713 48745 
629 18
88357 5359 36499 34693 71677 63524 62477 45587 86937 91731 16878 52794 39761 68880 18871 46132 48386 51349 
742 10
90381 22558 14469 54148 61967 4920 79235 47529 58506 88173 
847 19
70470 20053 15168 36561 62193 62374 84401 48046 28681 50351 70197 15252 1516 89192 4665 83644 18267 81754 68073 
858 10
48049 78640 23842 16748 54890 22934 26965 83065 56199 64479 
868 19
24532 71352 20414 52243 47902 44131 17941 98580 50525 50252 89428 42156 55200 38056 4267 19436 48775 26508 4022 
907 10
36274 22820 38694 74734 47831 65891 45218 94303 65743 41567 
1125 12
43908 17414 36707 28360 65435 97436 15760 58609 63987 2228 88840 32976 
1141 17
76387 92514 22460 90440 36138 46144 22369 75236 61271 83684 14213 3452 20032 22551 97348 27304 17484 
1250 15
17940 57158 23424 61280 83664 78489 69443 30940 1718 75640 77293 11836 66467 46677 62860 
1284 17
91858 25926 9653 24449 47498 76152 23372 57915 73962 7946 41598 40470 47274 86714 4411 57491 10114 
1296 11
80466 19174 88340 88752 28937 9005 26826 95303 84642 45191 95991 
1478 20
29736 81910 56764 95287 31959 59763 21990 29280 16091 11030 70272 40915 94114 89956 99281 44076 3165 94760 16541 88154 
1481 18
74501 57324 89739 21795 2528 6691 78483 74128 42698 23414 3516 69948 33411 18457 95592 80569 18694 39013 
1557 17
3194 79620 23157 2858 11168 5566 64895 5543 85028 49134 8127 13668 60485 657 24504 69284 23294 
1560 16
15046 86410 8093 61019 70299 58576 54948 41689 8391 12591 48773 61302 9908 56873 23287 11810 
1590 20
91546 44930 42873 2134 23648 10382 74549 9828 80717 90864 22519 2770 83061 8255 27041 67334 16264 75650 39080 94592 
1656 18
93771 35245 19251 61273 25507 88168 87475 86226 72509 24609 1053 44711 43936 37811 60616 23470 65224 97291 
1666 16
85231 52847 34448 15410 59925 17915 52746 56347 86520 23787 35427 69652 46421 29816 23216 6082 
1705 18
69544 50406 45330 54074 27480 55585 26647 22932 60703 28747 29573 10868 85721 41700 76267 5702 26430 20589 
1710 20
69544 23575 87730 81702 72811 82128 28593 24420 49003 54573 8315 16624 79794 97475 40172 87138 70407 12570 18689 88922 
1746 10
10129 85863 87020 13698 97538 46817 63222 56409 48698 46504 
1835 18
30095 40248 63840 55369 47685 74944 9186 16528 34142 43111 76086 55392 98653 96800 49970 43890 80229 1950 
1836 12
16530 21779 95638 54547 73229 45207 52180 47720 70752 34679 84731 52942 
1859 18
49937 56201 95287 77104 24970 2263 39394 21594 61791 43435 7584 53742 21577 77377 58056 77776 65587 376 
1897 20
79361 79704 67223 51065 52350 32001 98006 47795 4982 51019 57867 23838 76005 78574 67570 92617 60073 82089 1907 86609 
1900 18
2202 63098 78736 84127 92978 79683 95164 85919 39581 74098 44343 71537 23406 16673 50534 37072 5857 8321 
1910 16
75890 32105 38706 10968 90245 17618 11762 90311 71281 40637 48246 83784 77121 44994 88359 4959 
1943 16
21749 39698 63348 9212 97186 63718 83751 30834 6003 27014 44145 2798 35652 96575 94702 1499 
1988 19
24532 80850 59414 59013 36412 18059 35275 16 87321 40650 16939 12016 27029 18946 81471 60460 59390 38437 70480 
2119 16
95209 45675 12283 84550 27592 88212 23288 47154 40627 39745 4940 76818 93238 34485 10162 59456 
2133 19
79336 39173 69866 84982 7945 72393 59925 75835 39353 31861 68269 7723 57028 17531 83293 51902 18093 74358 33028 
2161 13
85231 60933 8541 77726 35535 42313 79403 33316 54735 11177 27813 90603 29731 
2228 17
91858 60649 73784 89517 76207 81454 15077 28733 38373 27872 53412 65873 50699 33641 73889 10361 8169 
2277 14
30169 28008 79081 29047 36782 15839 10822 92409 71782 32043 87262 65585 55189 73548 
2325 20
72250 62375 84942 88131 164 356 77998 29651 99729 35649 78626 7115 62261 9016 89195 51699 28641 96724 99825 67783 
2383 20
91546 38361 56433 80222 26969 66935 41218 10962 26122 4339 49004 56401 9842 28930 59468 63233 31334 71921 32182 63388 
2476 11
77657 35065 57155 70871 87780 14124 6274 82142 94451 3544 69462 
2491 15
42649 51344 80955 41415 48119 51438 46832 62054 25823 56324 18504 26953 70314 45236 58828 
2519 16
62060 64646 1451 75849 73603 19181 53276 47709 59337 86829 48564 41871 16126 48554 80311 24441 
2565 14
67723 13699 60170 1357 31243 98444 90677 53394 60023 92265 98761 1581 45078 77450 
2613 13
48479 93403 36847 46958 31483 77940 22124 48234 51338 26160 86579 93766 37140 
2650 15
24116 73867 35878 26413 53929 43121 81188 13908 40120 63376 51339 81960 58954 86243 80039 
2686 16
85138 48399 33083 50694 39539 3265 30298 7237 77663 94564 47497 61062 82918 94333 99039 68114 
2702 16
37235 15835 21781 13588 44425 51603 73659 90684 63011 88211 81845 18923 42340 95232 94171 83349 
2802 20
50397 23499 96771 9668 8801 45811 22263 32041 24226 16711 84309 99840 82962 35866 99134 36731 50305 12886 25769 72496 
2803 19
82816 23519 10565 60270 46398 75687 95597 96901 42664 86376 73633 92807 13391 29815 96306 98941 17248 83377 50058 
2828 13
36392 13570 56128 13370 65178 75515 47611 16492 92453 56721 38682 59827 44843 
2834 13
84842 44563 65313 29469 98395 13335 98166 32272 91333 55202 24448 55181 3317 
2860 15
92153 16588 81930 75896 45411 33175 97540 72241 97241 80093 43267 93367 88864 51451 14574 
2910 15
83215 52868 18535 54790 21634 10136 40077 58367 27198 62832 21025 51169 8918 92237 26523 
2935 19
79361 13418 34906 75105 91478 37916 29005 89387 84668 37879 44126 89879 34047 94414 14544 7784 63695 68413 1992 
2949 16
60658 80943 17452 74685 80902 47351 91803 50117 33878 22926 21308 45797 28023 13431 85881 83245 
2995 18
21413 74081 1247 34544 52146 43436 9318 19261 18246 57138 63121 30202 52134 19577 30414 5441 84242 5274 
3005 15
91546 68252 38673 86307 6759 82860 36623 16615 46428 74691 93662 34114 64337 62321 43129 
3008 14
31683 8538 11958 30813 24130 30115 34054 96931 96975 18518 84471 22516 75415 99357 
3118 19
85231 77277 66542 19445 25471 98106 5406 89168 4707 54013 56933 22684 38871 30901 51171 858 13684 35764 24081 
3143 17
42649 37235 59583 18534 45143 62130 32051 17543 84221 30071 94576 88731 9431 42561 68253 93548 60822 
3189 18
61351 89454 6821 83846 92519 2579 46029 19502 57505 38938 92788 82863 95854 53870 92653 24348 52407 74175 
3223 18
20739 84505 91948 40460 35749 23213 34131 77868 27778 31259 27504 85020 14959 72482 88337 28497 95880 13444 
3251 13
16503 35734 95060 84001 99203 88690 1309 52382 57271 46167 56469 53719 93296 
3258 16
30095 45434 57657 88380 54329 95274 99284 71469 63097 12543 48024 4559 32506 29180 77319 40100 
3290 18
23482 82662 9508 90740 18661 76 33484 84907 81172 43961 93512 17413 10959 14447 28385 91742 3676 79759 
3296 17
49803 41984 4476 63118 47250 94627 38018 76317 82968 45884 18810 58498 59626 47824 77678 19131 50774 
3319 11
51389 66413 76019 71747 21953 35952 44241 69038 67646 26523 32881 
3332 16
30169 63645 73810 593 72357 73058 88703 3573 78352 42943 61457 59005 89618 14419 70415 12783 
3347 16
67037 18047 27081 63909 73956 39798 79488 46296 42963 86885 58386 88907 73455 63417 56624 24924 
3362 13
95677 88866 31504 71347 60328 63305 81792 97514 27542 20090 24840 98190 61378 
3415 15
74564 55114 76940 15130 10811 51104 11174 9039 67042 61919 5836 68213 68404 57367 56476 
3439 20
64887 62989 42178 39392 97960 31612 20458 47501 64213 43263 38761 47302 55859 82258 10234 86189 21581 75470 50004 91591 
3454 19
61351 98346 52330 32422 4898 19304 7321 79703 31384 65309 65984 65362 84783 19732 34871 9148 65778 55062 68136 
3469 13
55974 49106 60311 72599 26474 84486 85617 15730 31258 57156 83 96452 43842 
3486 12
31794 87520 76360 50757 98094 83252 45168 56652 64245 14637 18441 39447 
3487 20
79336 8418 3148 99488 78103 74646 50755 84367 56553 80611 30055 50711 47201 64522 93787 64525 70312 27808 40928 74667 
3609 18
29244 17561 60040 7937 78978 55659 6690 273 35257 94112 19745 33045 10344 25198 33616 41244 41608 50417 
3641 17
87774 43084 65536 57436 15903 83356 88882 34960 67350 57026 84599 98396 21282 7183 4044 8319 69180 
3678 17
10529 79816 7032 74726 76329 59509 21110 78677 62688 47403 61464 29646 85429 82683 89351 63738 53732 
3684 13
36274 81144 73767 64184 52341 13979 3879 50494 66179 38487 15994 75138 65974 
3727 12
10529 88711 31690 97311 12752 22113 38498 5272 29686 73646 98573 47522 
3801 12
96052 85085 11030 16944 42544 85926 64369 71989 8349 75826 65331 61059 
3891 16
70328 96200 77393 36064 64916 21847 5875 92040 69713 46221 17549 27807 45174 42805 47052 86807 
3952 20
37235 82666 377 22188 2183 52156 62125 89937 79806 41835 69110 51548 23289 14085 6970 49523 9380 38080 61292 96668 
3966 15
49803 16019 57430 25622 62225 95149 74493 99125 939 54761 60619 23171 69537 51394 11189 
3969 17
15904 38357 85035 84995 42306 72737 49180 88383 34144 26595 5030 84004 48937 42805 86507 79528 38992 
3983 17
26563 74471 26795 70289 2594 94053 52759 19053 77881 36202 32307 8469 4902 15015 1907 19260 11331 
3995 18
98541 26424 24720 41186 66268 9532 17806 77398 50498 26309 89267 83365 15730 11629 88766 84043 50262 86451 
4024 19
85138 7872 61395 25713 67415 62073 97843 56000 74750 47185 88984 40333 56147 96867 71537 67597 74278 70994 71113 
4028 14
44887 31971 92669 9643 76346 11587 61764 59854 16892 65944 71499 21863 10361 81299 
4106 16
20739 30996 4571 44682 74113 28660 60014 45631 84662 52055 91470 62699 32081 10172 8488 45410 
4212 13
42649 98961 86303 55998 63357 18119 22259 14981 48319 15705 33121 83398 68065 
4267 12
21749 41594 57927 98994 92996 66787 80704 69538 53917 91509 9156 62446 
4306 20
83215 63877 95376 29454 57982 40338 60127 54613 47720 26342 80893 70647 41408 22106 95842 83553 35177 24200 54498 12242 
4354 15
70680 72647 19844 26724 92261 26373 9109 17754 2569 80772 33274 90344 55632 5102 2456 
4381 20
21975 38669 40460 18215 75947 3505 1852 49126 46161 24950 38524 81256 47841 58217 4894 89736 1734 31979 50195 54841 
4385 18
87882 64225 82820 15541 56812 65797 27385 1387 77536 93110 88383 50682 67599 79743 50818 80159 74939 75577 
4409 14
59766 32019 66631 99560 60281 21768 42413 96921 13745 39236 59363 12545 75293 72652 
4472 12
11639 22 68847 35070 77229 24982 44076 74212 96709 91501 6311 13360 
4473 20
42415 4317 53865 73746 26005 6122 81713 50259 71325 49167 23389 95684 43064 18569 91984 51623 80782 50710 62394 77021 
4538 12
23527 17896 51086 27844 53443 36064 73866 47275 50445 701 7630 60603 
4544 12
87227 54207 3786 28392 17865 72805 60387 16494 11467 58307 98404 18326 
4550 20
61058 59736 40124 99066 36315 47679 63824 81175 24733 20036 72087 24544 8255 91085 3804 92481 48410 1788 75654 12180 
4581 18
76365 78065 10811 19427 27103 62847 91559 11950 25582 37124 4198 65135 13212 32595 71867 60954 34564 26063 
4594 20
84842 22614 41582 77518 44564 40791 53272 39124 4139 77467 75031 28316 54533 27283 59311 73947 88118 14772 87370 82528 
4597 15
19129 25543 86510 8094 37018 97711 68984 34559 83292 8478 54114 17795 77859 52192 22343 
4730 18
10529 76599 49594 22078 66066 87813 76991 40011 33724 67578 70758 60736 68770 58981 70749 31199 60544 9219 
4855 20
21275 49002 1671 85241 54726 96302 96900 61253 51015 44135 42704 60112 68090 48909 46226 50795 27092 61824 74976 66955 
4893 12
28005 30989 75560 30105 93129 56984 77511 45773 96674 37160 4774 29853 
4934 11
2202 68410 51530 8497 2044 9905 70242 60522 61863 97024 97253 
4983 13
11639 85184 11567 992 64376 5939 31940 46042 13622 6461 93879 51772 40349 
5014 15
56885 26620 48279 28758 33646 56382 30419 24601 86698 79466 21027 83841 47843 53818 37065 
5071 11
51389 75509 47477 91748 30089 39884 69057 24103 30677 11620 49585 
5127 18
56885 5492 18849 76939 27431 5937 58789 53128 27167 36963 81540 80445 18248 29435 28179 76947 71653 41378 
5140 10
93771 67680 61638 32566 25582 89833 32829 99029 20394 17198 
5264 12
18513 73364 96908 82471 61962 2292 950 45577 66996 71153 34673 3571 
5332 11
70680 32462 4608 47869 15648 45644 24147 35405 70194 85506 50019 
5378 17
20739 93797 34771 12091 26865 80017 53978 49132 93371 18337 92551 5603 41728 32338 40327 19774 3198 
5402 14
19129 13729 29266 798 94331 20874 99038 557 37406 21836 7461 25747 29067 78014 
5415 11
26563 81046 5265 78026 34954 87185 73612 74849 22252 61413 55709 
5441 14
42649 99073 37959 95460 92424 24442 95045 46476 49265 92267 86220 61341 71847 78334 
5443 20
33542 49078 58576 50373 58570 90395 70499 84356 46542 89181 47444 8409 28492 13980 89835 75229 30073 78365 73442 43420 
5503 18
95677 24958 86943 55199 40308 18873 13043 39743 4506 56070 17089 23775 64130 84016 75005 39006 2403 17310 
5506 14
67723 9605 63844 95066 5758 9584 24797 42260 22691 34040 53789 48638 61970 10964 
5537 19
5845 19500 11241 12098 6531 87772 70136 19373 72118 25989 17652 49850 74379 8392 31487 61039 41961 96971 66420 
5603 20
11639 18771 63919 44483 60253 68814 91467 36033 91287 71466 50688 45866 18846 70731 39712 23256 15974 32625 49701 74338 
5691 20
95249 50772 29553 79199 74690 80721 64446 69411 70937 35215 33677 92145 27275 58108 99953 35029 53533 63007 39093 87170 
5720 17
34137 81686 35702 24852 45787 69889 67306 82922 80549 72616 44553 69400 85042 94886 33871 27025 98883 
5731 11
93771 32915 8135 80820 41295 20255 67876 64788 90736 70772 86939 
5741 15
16509 66388 69762 76321 83889 13973 25797 80667 86227 44627 70650 26725 19637 35639 76622 
5753 16
42649 91478 3456 62189 20513 52922 70249 37038 81039 74253 29351 48488 79388 32859 30908 3978 
5805 13
750 60441 10948 44922 26733 42579 11382 89107 38167 17515 42416 17082 70432 
5814 12
18513 87196 5595 21023 10519 42245 63155 61491 81623 6902 51594 19034 
5832 17
30491 11230 29541 89442 55845 94280 81362 47628 35128 88401 96715 56796 71492 41880 34345 26420 10779 
5947 17
49284 71264 7917 15594 54471 83952 52378 84463 65712 15607 3965 31935 58957 44418 85754 26378 6103 
5955 14
78410 2101 91817 62357 81906 53453 77074 20442 33936 94289 25968 56313 69081 78218 
6011 16
60658 14748 88312 37117 35891 43286 80167 53784 23985 19771 4773 43225 4399 73873 34003 35782 
6041 15
87227 5463 62207 34939 25722 59928 66794 51336 17764 60764 59511 11991 47694 30280 84760 
6074 16
31794 9700 56271 17568 79050 47011 97994 11030 69811 84601 53086 67520 1269 39704 66206 36037 
6085 20
85138 81856 48107 24044 21886 25485 79442 58607 88096 4331 46747 41677 61437 70972 79213 35954 11570 67513 49381 71606 
6089 13
68375 24944 26843 11394 78245 95327 16238 9194 95104 75237 50447 37884 30892 
6098 17
82926 1145 56942 68205 11112 56051 85158 19731 63814 25179 13389 69625 80865 40314 42072 62756 93206 
6119 19
69544 27452 35646 28195 7687 43870 65588 95809 6798 15436 6827 854 39713 87143 14761 63470 861 70806 25095 
6133 16
71467 86575 72064 68820 8887 6366 69944 28856 55928 97822 89538 49229 30365 24389 83538 33681 
6150 19
49284 99629 54220 44012 75076 77013 64338 37180 62165 47484 13041 29653 10418 99681 82490 64973 8500 26833 48829 
6187 15
39832 41167 54337 66181 58840 48563 88219 5440 80336 62771 17636 56575 83824 33791 77394 
6194 20
70680 49776 30244 83923 81782 41286 14375 25152 83167 2847 83412 37074 33639 19314 91986 47343 497 26984 6875 74648 
6233 18
63324 82370 11628 64813 47265 56088 22735 56554 62682 26683 92951 60418 50742 53301 17542 20149 49309 58792 
6290 16
58510 34128 12062 93530 21518 46408 31850 87461 97305 6493 56528 14055 88741 74136 23647 68073 
6341 18
15046 47705 63048 31193 16889 30680 99801 45482 87037 11775 76234 41087 33842 88964 65179 13191 99253 50354 
6366 19
10129 42529 98812 48616 98958 45692 2968 49527 91295 17822 53184 18337 70577 39902 87163 46669 81282 74198 56159 
6420 20
24532 27802 26901 64256 99289 49121 16487 33427 87551 37419 85449 41874 75090 49578 33493 71096 72923 12422 30337 92856 
6448 17
21749 33857 22782 24266 23490 32170 74823 32497 92235 77381 81570 63987 64834 59367 70369 83642 97208 
6495 11
71467 81853 23036 92061 39957 34058 28947 78510 19242 38180 2406 
6506 20
24116 30919 63696 18166 14102 88699 87712 38531 69738 50555 36989 7474 29415 15720 28152 77282 33649 72108 3310 83010 
6574 14
71244 34065 20362 13128 22045 77559 49134 26990 71248 71468 78617 96050 65921 63508 
6688 20
90381 36135 9103 31997 89247 92751 91244 61095 94490 83085 81121 49367 55025 22578 31119 91570 64789 82872 79150 31499 
6731 20
23942 27771 85691 79451 47566 18816 68330 12788 75800 69452 93050 91015 52706 47041 85659 46905 9527 54323 3019 94173 
6751 14
12447 92329 82752 53100 53945 6353 9499 3186 91002 84948 97696 57764 78367 46146 
6770 18
61058 80027 88226 9318 31786 74176 60572 80420 99696 71591 75675 33259 31884 61014 65399 6992 73941 29257 
6799 13
30927 82616 79114 93276 98136 67170 92263 34086 74432 90776 90908 39183 57132 
6910 20
1819 1461 29866 84035 24360 92039 34096 77514 68231 29904 15916 59656 83844 15432 42546 74100 30148 79901 72794 10629 
6927 18
20955 99067 39153 7163 97377 67157 81958 93604 62601 28473 69966 81314 59811 32480 35699 84406 1595 45410 
6955 19
21275 28711 2565 60026 67275 36468 2883 65034 49558 74295 68399 97034 12895 21270 32217 69721 4935 84510 75617 
6992 13
36392 11808 41507 76198 18627 78207 57291 19916 93173 65452 19422 22059 38949 
7159 18
78410 34573 84649 92431 89347 1623 72887 39578 7829 53138 130 79578 18427 99647 66644 38087 4463 84160 
7212 11
43908 93042 76637 68301 80634 51809 23552 15680 86073 96828 19779 
7213 19
79336 71691 34487 24825 88581 32089 32626 23133 99397 31637 10818 31896 69402 77831 6912 44409 77241 52560 50577 
7219 17
30095 80035 10232 61498 83244 65577 8046 79025 99905 6933 52610 56374 81402 95844 76261 46688 10771 
7235 11
30491 47777 84840 92170 76864 44781 73562 33766 8567 45488 66345 
7309 18
3127 4824 96155 75669 81415 23223 96211 55667 9204 97897 21771 52877 96743 41459 92775 8224 78598 42356 
7406 17
77211 94326 63009 34578 27132 9443 2389 93620 42846 45511 97593 5441 2262 48852 94609 47760 17657 
7412 20
68343 59333 45165 27169 52651 43542 5212 94954 33887 69932 33927 86753 9474 55422 31548 80424 34867 75750 17176 13706 
7495 13
85138 29066 91898 95903 30271 48578 48634 31667 1295 21336 68514 63871 4384 
7511 14
16503 31358 7833 33910 61640 75046 76480 59683 60278 56141 8434 86698 71537 77109 
7605 16
11639 12485 99405 60271 88588 99286 17244 40651 21229 73966 50581 47949 38690 48801 10120 73826 
7608 17
87736 69553 20488 80796 53447 24036 44059 41725 25200 15482 41740 75706 91533 69723 52203 52173 25640 
7688 14
78084 58499 13010 89476 30373 45756 50695 65941 21492 2072 26965 71739 15332 51938 
7704 10
36274 69664 72812 73870 95383 87681 10005 76504 58301 57170 
